464740
191104
158445
412194
296340
487583
353014
69399
140737
274630
365334
123472
179508
350786
329528
290991
193925
300077
4331
313023
127160
332549
57438
197163
254726
333087
198599
457184
377826
363370
20897
83243
497424
352797
300730
96805
441604
305456
131292
313757
485671
465385
182308
404039
297072
475743
271999
207666
28521
370870
34551
248333
82983
151570
452216
155032
211268
19941
178353
274650
477647
297796
264436
139660
494537
314584
439330
142660
36734
182390
68146
80349
78725
52762
56696
80615
83986
110658
317097
116844
115276
290891
266452
134229
232432
154040
418761
402548
105599
476993
495147
5847
305679
286860
439009
382837
210565
17179
90325
292823
441066
109368
327991
169304
233191
49728
272922
253109
449016
461884
165597
121128
333796
196753
293750
198657
155771
190461
1958
99754
20363
289601
377018
186132
490556
441908
34072
335349
444840
296509
87741
196849
481044
177634
437370
274160
171010
29132
454145
481449
385510
203998
119550
247980
328362
155450
123483
60423
407895
22725
433974
401423
344019
289720
471586
443958
252221
221167
471982
395394
207657
483544
475653
473496
76371
477029
479385
115976
295723
196718
292512
351337
217992
361735
441367
156672
181045
256657
220029
238155
266399
487190
197363
441082
482771
198907
409648
81489
462278
367677
218471
433201
253202
417939
137906
466873
145407
494573
351071
243961
288866
18862
493699
141746
269072
208730
445255
228115
339939
19295
222590
263287
132412
144149
340990
173540
50091
108772
123051
264441
59779
19858
386618
430450
359592
430971
469771
446686
239223
460646
498938
289848
123363
387513
298210
136666
314655
148190
297135
58216
356799
371414
172627
242260
19734
131853
336914
359083
320022
402895
426772
337436
279825
351227
388732
363419
10838
54297
298288
402197
108529
480840
294030
430521
274127
290264
298412
415574
270662
331901
428764
65535
224206
42800
255604
3726
24943
218083
243510
41418
192203
41693
481333
495372
306763
38046
238838
333511
282258
245745
55635
155829
238640
334287
418612
323339
16722
184269
382205
182533
458612
437552
128341
328661
294130
104813
406017
159940
132406
257408
307407
84648
146722
389881
92082
121133
80603
428290
415042
496061
88066
481232
186283
433041
195081
399924
385760
249194
73180
52584
188669
365916
126324
356412
195190
130203
273079
89909
208404
286728
141037
165801
31819
188680
161020
345016
204318
216153
475175
147296
218388
170201
81341
251385
477668
487038
264681
318884
458834
314645
323285
55091
169859
44297
174805
352858
301527
458297
294357
96897
131304
376636
342507
124627
205321
74609
110900
161818
19604
53706
25723
81659
129504
219059
482399
484845
122969
393210
396043
37993
479387
30104
133636
146342
488972
242429
300168
179439
438088
350948
391086
74141
345754
268492
159950
166932
446454
481503
12565
84459
43939
29374
396262
108446
229062
192128
436514
184943
381226
316038
468099
441938
449015
151954
24036
45890
78359
258262
333373
173999
307135
117215
390728
255241
15184
151666
53176
221594
179965
122738
150906
228759
33160
14528
65161
334106
137334
368667
256919
69794
366894
17343
32402
204016
7530
102054
345622
96372
285238
260357
4033
353876
237095
374760
136591
299624
478546
271367
78527
167512
443998
136499
256474
57081
107401
271304
416969
205232
45201
370670
54067
200149
118888
223661
472914
79705
34210
352895
407733
436157
169469
462432
366520
38563
156925
50009
465042
268999
253341
264690
315337
450540
219282
124163
359818
203783
60194
9644
84735
196697
166801
360522
288238
426164
407199
356806
286988
284493
112245
475834
479784
143654
428360
135044
115076
252247
88869
261504
153300
95882
248812
89952
327484
151942
349540
69930
312404
449545
22944
187540
421511
8083
177113
180056
159191
321940
163195
273539
157342
261939
108432
131615
261517
265784
69104
247233
78077
254905
379562
253504
379540
287243
5132
307019
451125
108860
170261
497918
299242
447330
497813
181350
208888
226195
344615
204883
352557
229613
283910
362350
76714
12986
234713
444454
222292
81999
87420
34436
238410
196699
306883
397753
49641
490430
330172
290906
474681
263273
293765
375004
9135
51847
331933
176813
301985
56244
46596
267414
3461
293373
103276
275138
238041
224259
251345
482151
217470
447374
202891
372808
302192
407454
311897
419303
94480
140797
72597
107264
121995
323368
90174
360285
73437
374444
378413
427457
242515
45004
36375
67171
425424
433508
489625
433089
336051
146441
357343
40016
88870
225982
122995
74920
420181
53351
329744
330230
323188
271511
298777
254199
426496
264906
457957
498292
444868
80115
11566
477006
340759
236663
101351
229961
409028
471885
123504
229468
119457
194498
157154
121313
438516
367227
281240
223742
130012
312512
430813
223427
138316
493875
387855
418760
441111
152132
328108
42641
84641
434119
290012
215253
187664
440942
184724
296718
343387
272459
79362
378491
168091
318233
472041
66585
342655
444742
217410
133060
491545
154838
499833
270937
347547
139698
341972
171090
99110
202952
497053
223404
141773
47555
420971
6570
122347
335860
219448
176163
150126
440692
289049
458325
372666
408440
66606
235148
1494
82191
29505
129323
63096
146192
178472
470769
156334
41290
352201
404568
468285
15894
24003
237455
191625
219550
334964
463548
335949
127168
312677
470973
222284
16061
459877
137539
110208
42052
486165
40700
186601
48457
324704
451518
658
474336
369075
166835
182658
91458
265745
134767
182599
38974
866
30396
334862
325302
357486
69329
104188
471051
479123
384307
306357
339588
299450
61031
282642
439758
465810
438360
254055
56450
50346
30193
452084
266331
279204
398154
307199
311978
326911
438430
161025
210364
68652
29262
251550
346630
160924
187004
364729
332133
351849
72900
142194
191711
29107
183490
474083
139119
190979
463693
370801
131897
280358
137959
168525
422790
117199
122145
397289
137331
119668
488280
111597
117256
450794
402412
374857
71704
202403
310249
155262
428981
464747
94085
204631
352942
129784
84630
127527
329421
317319
457499
33546
237883
235504
340390
245740
360480
482493
158039
261293
97743
499908
39869
217231
267
207227
55090
205282
97185
231406
379646
361572
364464
250067
122170
393670
490679
29612
451456
205253
192335
289748
439984
46805
134558
330149
328298
294901
149485
147332
471903
337999
178446
23678
449044
295789
113573
64846
282609
385394
226285
458776
136156
89535
466897
21744
322246
227452
97924
423580
331667
16725
436092
283593
310829
14240
358377
202944
296353
291965
140749
357137
20436
12775
404396
135275
321365
5449
203746
454760
36194
68665
382314
121429
273561
192755
236906
317071
30764
447640
160180
250303
335398
50210
465209
9787
383231
204084
283469
475599
414497
468737
267641
61886
288234
194386
247467
478262
349886
233886
244305
371038
367607
269066
5318
118845
232639
22788
279601
130585
428996
300181
202596
275376
58441
241739
53470
334764
266071
118781
102496
315310
433620
142058
256480
141376
431042
253692
486109
391296
478441
452938
24582
497204
123705
355662
331921
358188
10550
44237
485881
177946
476950
95905
246670
396908
175921
141559
276977
179542
308859
140649
173513
392902
283872
43330
372952
335015
194578
382328
454562
389307
43569
467348
41407
493765
269150
443695
134478
334677
3337
362831
170238
340168
281347
66582
405507
236447
69506
192034
92878
194705
442994
12522
478059
456418
322235
243909
170587
276723
295904
418597
492869
372807
367707
223676
386113
78461
344985
38141
442664
75425
477737
471070
100303
77771
203568
182453
255817
206517
183796
476036
329966
93753
362223
34834
38876
4889
429103
422362
112960
309034
245818
410830
40496
467565
372673
432879
264163
177516
64970
450796
419296
184897
379374
389932
414770
36623
250874
184532
196071
415962
270643
454628
80451
26891
479973
186468
61312
313278
83931
388833
206082
212406
481342
125952
351692
284495
1619
24800
343342
199854
173767
48215
250227
56230
192444
412247
479767
378342
443391
419009
330490
377939
495314
481978
429240
397043
77471
71543
188949
209604
383845
48445
320615
368924
342816
363124
465841
232528
62408
203122
191637
456461
42097
276325
344442
459325
17660
196436
325349
458905
4292
236175
109868
253632
82415
166181
189775
134228
141290
103798
494917
264055
286360
279303
219199
195164
117451
8661
346830
499901
375172
20927
433565
72421
298490
184685
286086
475621
123766
485541
397358
471898
246200
141528
66918
83543
441873
111121
388047
460266
423591
434369
63052
317697
28471
120620
468308
374522
261267
444744
446857
252494
244457
108434
455312
40832
301867
74142
68039
488573
87966
300205
241194
449264
422399
52110
328086
378672
131142
448342
318594
349773
436093
188597
189190
462722
304670
413195
273763
216948
212891
216949
433104
240558
43176
28710
95802
40585
142263
113707
440222
64527
95078
324455
472051
122750
286891
494120
272755
198787
238793
44537
247544
238673
17296
459696
72643
230831
394301
13077
487189
493887
306945
141584
51484
460242
173758
145822
274268
285183
475528
426478
357562
423592
478822
402405
309387
377505
168740
308277
477498
333422
228805
341186
290665
84662
76260
90464
199828
243952
67720
368506
135612
74969
286097
467967
473789
21969
127136
133122
474171
486803
19456
407390
425434
492633
322915
27014
362265
113814
195729
317291
233608
213158
171270
151462
80500
231581
400718
439537
31430
423920
231181
78499
432375
49201
288310
449756
57928
40773
492146
281418
403158
483517
255204
128191
310616
287212
115657
459102
326905
217128
466102
437516
288429
246747
38210
134566
443385
134503
469943
56810
217770
134506
144854
35810
35817
427072
340553
226851
283287
274708
190501
383492
184687
159191
423585
437356
348056
19324
459424
139457
407534
416421
196437
235324
191687
435380
219437
497361
109651
297309
271879
136209
270238
121672
497885
192430
404269
95404
174421
447512
278044
347051
95005
347265
47180
395736
10601
118349
494226
279242
335403
345909
437397
254246
196818
5707
288576
360284
176901
245861
159505
91362
465894
124520
192293
317297
430168
331400
83292
168203
78414
219841
2907
330528
328271
244613
99500
251292
56497
484509
430788
376946
152663
307684
17506
365123
311667
477378
349820
102389
130197
479570
116555
247930
11398
184940
18217
259698
302425
275419
249665
57906
454189
204802
201009
11699
488726
277880
120054
254706
81698
340123
128859
105363
331105
167215
25654
399655
435340
131362
199415
327162
284078
409619
312651
142367
161837
171845
117741
54891
175890
29186
348658
419701
397791
85706
92032
152716
40964
388557
104703
139156
392936
346358
293890
167730
235556
289739
34845
83320
209946
216916
297101
159330
425914
282731
292919
230560
134404
49056
394856
271224
302057
157414
148451
37968
125554
330378
2759
237963
314982
424141
462624
81630
8565
146535
241229
324076
345094
9091
24533
221338
346494
477109
199863
293229
49401
113458
393712
295575
434531
146939
387995
12936
49074
259778
51200
486868
219448
123563
373225
278964
194659
278072
152281
494772
379399
159811
447464
4010
288818
208593
329744
251728
245555
139897
12808
21938
395796
445448
49893
167728
128669
37450
417832
4226
112204
452921
402898
121626
465148
377204
322208
22114
297364
312513
268757
400337
384062
241425
335287
410116
104148
322885
485919
490938
378997
389827
339174
340213
142602
475426
347509
16601
409977
77479
301084
169462
172460
299412
307866
402488
171077
486381
192335
284411
45688
190005
321487
204299
413423
75132
359524
445812
499720
99897
366253
261150
492941
171071
431314
448983
231678
258551
325084
309504
287423
293014
287716
373367
213081
244989
403291
488671
311461
254371
310505
483425
498374
255422
456131
344621
481953
484251
285620
370819
393412
264506
165258
109383
168679
274723
48648
123135
497429
181923
73232
458278
225133
223711
105659
7150
288299
167922
287916
235930
420131
331960
266025
279411
439376
879
229991
113075
376460
370604
189742
175748
394831
200252
190902
211896
114127
184861
64134
34433
347978
228751
143268
340318
316915
247810
61844
420606
231389
31864
196865
399237
7427
240487
96011
77534
357033
103464
147628
80549
45331
303274
31180
255452
183217
70425
155581
247875
491237
298992
62912
96231
313624
337033
22925
29688
404518
105162
172777
376525
346776
24611
431852
379489
416637
294965
426097
396510
2790
453794
34231
264790
251053
25932
333394
325493
162554
279034
336508
6904
154383
287614
438071
55583
436643
352159
5041
436886
73745
493479
482510
26534
146336
460743
334362
456374
322679
301536
194056
226906
420328
175083
268252
169707
28322
300337
361569
203576
54240
158298
124793
5444
321532
30283
38815
191525
44238
424024
90928
312272
332373
346192
204924
61550
423166
62225
213666
164550
459152
407316
497312
391073
118672
211496
353425
114846
220236
199432
372144
364958
245408
250602
479347
408436
4652
243536
139764
265916
19666
16336
303196
213241
256249
219677
375666
140310
301259
14926
16700
79678
33338
247736
488695
387122
297600
248732
408502
384307
145571
366400
193339
438101
259649
332908
299352
469719
137680
1839
108990
83572
358815
325868
428465
280143
456363
293076
292642
240969
325813
406083
449033
137040
361285
137816
34617
182871
448125
407450
363567
455909
296962
451691
67910
495552
60050
86075
218571
101697
378039
150157
36425
141626
176299
455868
93290
77655
448664
8059
202137
389332
331032
220598
443671
169855
401142
289539
126769
364222
410387
416020
366390
376575
317646
372394
404227
430843
287827
303868
322392
462705
208506
287391
302702
288462
462180
448510
59097
137538
248113
477848
16130
35144
454425
35027
246068
420747
167577
291487
328848
364731
142690
242438
162122
317740
105750
84161
185731
245352
204792
394473
114969
115241
427064
243951
110684
450225
420468
160049
255353
391612
181504
303629
175006
110664
355038
283907
378335
429485
269558
202707
91140
447462
81772
490368
199172
410386
201503
102285
214883
115907
228002
260781
136576
442161
391405
53766
399651
490177
280997
421160
6955
324617
319939
36394
121583
418177
426805
379495
347912
386335
166799
15677
254563
193152
61189
21966
207936
473783
150507
491896
212448
471971
12997
58310
389310
409078
471332
323666
97875
154974
481468
70510
444430
360289
465675
102359
293650
440773
206758
152690
52292
46003
379884
152169
167006
455302
19556
381409
481888
434984
491112
26819
458436
218776
55057
418008
192412
186710
414931
80226
176738
413030
92054
328885
64390
136046
288302
423057
423916
390107
163022
342389
434538
193706
487645
273434
321622
53758
412234
121148
315000
141085
366383
383312
240627
80868
491899
9099
19981
381659
450157
437464
236415
269004
484321
497395
352481
94000
44775
400817
185686
456483
422494
482842
446020
432735
81405
193582
280385
430630
88276
271164
403436
272046
340109
98393
378622
341588
152024
112602
52445
339735
146800
252068
289926
414373
217092
130773
222318
196924
66504
16432
234573
402570
35712
135942
393494
348871
452003
19453
450825
311861
235408
287369
92827
475722
212343
366151
218671
266056
44915
371039
419497
203027
398978
242680
26026
183717
366677
229911
27024
198483
351911
191188
110910
378763
272847
235413
311739
2248
208294
291168
140756
440683
487284
56105
59258
45094
141610
280655
303452
343768
120070
126099
193359
116531
73876
493238
209327
34487
208009
240783
5008
24310
6771
356535
17362
96896
23960
171830
354212
196433
339153
129557
494738
121691
254835
216826
155324
258110
36671
379113
88464
421778
200056
271098
30580
24806
216517
181651
328826
316826
391315
380232
487466
283256
150236
201786
306691
180241
416424
104991
172329
222581
404433
407715
209537
365667
320331
443629
162924
120797
454634
147122
275653
215598
349415
223114
309010
110030
84106
106042
247646
2117
469603
259286
301529
24810
74225
220447
397772
256858
436566
336561
170713
395576
461927
164305
244905
134726
121203
326136
387031
304006
316217
492500
336481
422923
293878
190758
307880
81041
93661
116361
228021
465332
211807
461486
325952
407273
136325
397970
304045
421365
305366
417157
31160
264837
45633
487190
401671
345713
170774
86928
292110
42108
338377
454645
164183
187416
119384
97991
415400
245011
54751
246958
361062
33244
193614
186202
40973
379578
499479
207448
252237
73565
126927
334229
449830
312679
357648
246780
134246
113025
287717
268653
17842
493712
114370
459284
92374
55591
422019
222982
462410
342947
373977
300164
112354
220000
416147
171990
450348
99011
449457
177609
380842
422530
257194
104591
294921
71759
489051
394598
172841
442057
198713
482873
399500
242264
258034
431419
288536
45048
92941
267295
323335
48173
83146
201994
65359
324665
190219
391842
34210
106007
112100
164684
208670
364452
35683
375024
141084
464583
117960
246395
384607
223026
414429
126466
473208
113818
413018
173874
131807
112825
57439
147966
419135
331556
436245
222911
393295
244653
7802
137692
423059
95912
424426
163674
213981
158686
98895
169764
440806
228048
459015
202123
430627
412967
458995
48789
82791
18009
492310
498974
108909
340307
356682
16491
366265
124614
314352
350385
376784
279136
470778
134661
460116
396056
240290
380016
348871
205561
448620
494032
301775
418701
328018
352082
458046
465009
243285
87733
197981
263508
160290
199530
311194
354133
166851
356854
313501
251976
104832
303077
115628
254793
22526
18598
328711
177858
146074
47021
108621
64225
383548
107395
122369
964
134607
435583
310038
39330
375001
243011
369965
291128
341417
464835
437565
182717
454950
410670
99596
315746
133324
90647
108246
483625
106508
401988
212015
344523
168307
59644
204391
67484
180378
48046
285662
122060
54014
147648
495132
266475
174641
159021
406036
387193
319477
198881
317648
338658
254964
456135
439706
104313
287893
374736
267642
91583
293518
90443
479016
171895
336023
128613
415278
417838
109251
316353
143130
72091
177083
105460
497436
93795
226534
374312
11745
368483
422338
13824
10979
95570
5519
161898
1480
165817
158722
314045
302068
267504
191277
332284
424176
357754
75496
126649
94772
37931
51840
123286
487114
295422
331142
174546
272593
488562
497867
274886
257742
205832
150690
142190
299766
183740
48683
87659
246900
180591
234388
229199
411445
411111
464128
173469
472065
286377
334815
233854
12650
20213
105154
30699
452341
80022
97701
287600
464879
334103
12192
186933
251785
368234
5860
47647
405083
245237
47951
115222
71013
427579
82792
139359
208150
470015
483672
184578
188086
422178
224974
402423
13547
307483
34507
192115
343594
85814
111098
327680
363168
5972
49452
105179
164559
275093
470679
426518
486372
194076
36230
448490
355243
238871
274354
186538
81220
148526
198298
130105
137131
374143
239303
58399
263933
169398
265133
241917
212072
146794
125713
188688
420380
354818
259225
229607
467505
465422
138373
23304
47297
3555
497429
363413
212848
319780
301629
135687
266346
402541
366210
67277
94912
452504
315580
106229
142638
176226
490847
80441
289809
423181
149450
247961
15121
181729
430554
100231
364133
4433
216591
232613
329425
452339
153341
35835
455603
61748
35845
342789
464727
117478
111635
106757
360414
339950
396570
455180
260390
204333
81517
87006
330663
470485
389252
316034
239014
93661
33537
51481
362736
393256
26044
489473
495915
103973
106909
340805
335845
83785
351218
2642
124723
235213
447563
80536
228312
37530
407830
228016
499632
394381
295943
164530
78409
45272
496994
428568
461843
222759
251063
209040
335990
242120
124756
66879
411997
102838
462142
186391
458957
344018
219604
387770
136222
391714
204470
171825
493294
13217
228460
455362
377576
444785
309617
94710
271831
152023
122624
81947
454339
495567
263637
154424
96580
343062
31707
211433
487935
273740
445784
419887
232317
280221
347107
48533
366046
493973
397139
22603
470663
402181
356700
145181
386945
121057
264885
336518
117328
155900
9831
263932
296368
352338
474960
138449
434665
257986
414256
239010
426080
320075
385297
24436
111792
145371
28021
456272
267023
186693
396434
480473
389398
337673
384177
30888
267225
50382
157096
13205
437619
36502
413331
284468
47647
335610
231079
394242
326023
362657
165852
293522
393268
192587
198501
223830
55183
396011
165349
295396
454170
388145
189975
273154
55216
285525
477586
165096
364082
229138
280000
218733
194872
405424
419150
405356
86886
39350
252267
451744
118361
30799
120259
255161
369883
356125
249106
254660
109689
320032
26705
313483
201527
386122
261784
406837
315444
295628
281225
173452
75494
455217
298632
240073
3155
290835
181134
349782
384170
167832
275796
109665
132079
130564
142999
179490
204206
408889
216225
171461
456690
483233
192875
369736
38028
405552
211525
37147
380620
39865
4067
382179
246614
90142
416316
254945
486154
16130
211042
198028
211788
400042
137761
340679
168686
31633
450514
242119
441269
474133
176623
161362
36714
19280
392501
355007
22212
416077
366342
417093
259355
484211
246578
295915
94630
10452
96422
4896
481365
311552
33485
50429
326656
379808
113370
119075
433419
31982
243019
49245
458749
254152
243909
270275
249792
253629
385535
97943
47431
88284
24321
364704
384073
72103
282643
189803
488327
437732
475237
345894
332441
109946
464788
188859
50384
282181
249638
79500
82346
8996
175478
114393
331353
261791
237330
237568
473463
188574
345813
404152
90496
184726
306332
288333
201787
429947
29599
161719
59789
153600
292034
201707
207610
91260
262478
399804
140440
43429
367841
451500
435293
384164
61994
374890
262499
310727
261848
20538
240138
430260
381893
330326
249451
116014
376204
297129
67438
173996
64333
157207
391982
372130
160572
194786
245145
353735
253436
27191
129772
125099
31525
458434
380408
395986
8884
188647
319441
326720
383933
144865
229221
23345
135444
448443
148766
155980
478878
98455
409615
329195
366077
161901
418193
24906
332205
123199
130181
444842
396766
207368
410558
479085
229949
141219
243969
341025
226344
113840
218452
340296
447318
151973
208194
23492
340524
478572
421805
326605
364918
23859
274479
492522
206640
46844
31139
133410
197088
268126
370615
86976
240446
364508
205187
440778
186514
442647
382918
351760
152592
276396
293200
209753
142803
425310
352785
455537
300305
433355
356135
233145
444643
136717
258836
40406
266256
494830
71185
309377
145643
109078
443089
299516
269358
300789
441805
478291
296927
178304
321967
231826
39996
182549
296898
378241
266612
15652
450024
207948
246103
209131
46770
317826
473664
461421
202564
164168
428624
62144
431865
119078
428070
83696
298166
263716
437030
78735
237592
335791
44235
20245
73380
14279
326371
146052
233377
213865
177433
358450
442554
98179
288071
137944
231022
482463
440679
189838
168585
223637
319410
50742
192787
62323
369653
152992
48692
246978
105114
23526
445612
78125
140342
118141
358283
359086
488755
232631
112149
373228
225030
248659
53997
464050
351578
497881
10072
499998
485970
197605
469531
177854
472526
55870
344825
175099
367764
391163
200958
315533
163397
85888
420415
48209
134880
250524
291848
6325
348724
30493
93343
278016
235170
95140
321565
53237
15195
63300
10100
345291
347199
322885
61657
348813
279168
171753
8873
438101
13691
469379
402511
336185
89135
122658
83276
30872
441977
434303
8187
9751
186621
226836
483449
31056
237211
417047
85850
243667
447336
32914
50501
92301
42247
376072
431544
336959
203152
454993
103871
417472
88864
31739
117479
149602
436645
169881
156638
285168
202995
152782
150511
480854
67634
72901
322648
125688
187997
478970
402162
61973
98951
409566
61208
243889
223193
406528
355852
478543
180235
468815
209224
374998
167303
349819
314124
385899
231134
140253
363694
233598
383630
78571
6658
478273
287562
466083
201349
201659
375452
183753
263630
443971
185664
362369
42362
10379
431825
323342
400329
347882
450957
63514
378540
291254
432536
244338
497940
114286
124044
297609
51939
86425
166898
281308
447782
391841
292068
13322
465308
325144
37338
106177
179810
336838
429924
434608
314446
242516
191732
60504
492355
200240
321533
358414
235559
152419
437462
330358
291775
60041
59997
212826
49184
13365
266950
492557
228398
311850
432329
405817
439197
252643
289314
488961
312789
404779
395746
264796
379128
35164
283711
29251
77975
272143
124204
197264
189676
399810
494853
134864
198368
110142
429797
234014
346950
167894
204056
302677
391332
11687
6870
368216
208772
60218
57961
239200
319368
151711
469755
11856
397335
80660
369661
365725
158604
21893
200754
346787
417985
92075
100222
28808
239310
218524
144878
412806
110005
231609
358736
453555
426272
331313
299256
59129
418791
491150
457332
366653
425002
126851
299393
45311
273313
100706
234261
347820
408752
359930
293624
196202
489656
38352
82738
194269
219124
309998
146461
139625
86433
440632
426111
69434
319762
122550
181610
356497
84934
52049
15734
63733
199694
11978
437281
31833
156899
377710
470795
293473
415980
26095
249879
391627
13600
280476
16499
420100
206724
138824
59440
435866
32014
57051
305781
24027
127041
288359
442156
146173
343660
161641
448918
375334
238885
318345
110066
201952
202990
19722
315244
339783
197125
278102
52057
4926
363291
358297
11055
120030
54850
153243
177621
71259
113390
198607
374999
228121
16826
39190
285652
319752
466928
343212
474556
297604
439443
220923
213027
403276
140122
156337
217722
465918
495423
29368
38934
273718
15978
40932
464333
332576
78114
352368
183184
237000
29998
231856
95763
396902
126448
447731
305682
72924
246195
335776
27296
207843
256913
124261
145189
119032
91239
289680
300444
400630
308123
49246
336728
171054
491930
114655
398027
378608
274628
131724
221164
142827
371951
239870
315468
397900
390574
456575
33273
363613
103934
350148
84468
286232
67977
310961
10836
200215
146971
273543
146129
195469
381190
370013
186590
467202
415322
326290
445762
209873
385292
161958
64356
230044
408529
313705
439579
374372
461548
440808
119337
82023
494308
459863
16529
27716
241789
159078
295527
206975
423182
248007
161698
371436
165443
323856
99210
330217
476547
449069
185187
284863
269827
61062
245187
482836
353219
187745
23166
200782
86830
415737
431610
229703
259250
213875
193682
252037
180759
390686
165258
196053
367393
412177
409643
155939
103914
187151
194192
243760
134390
313269
329106
297890
224612
297920
338055
408686
335230
424148
84008
191096
227881
299737
248289
12693
369116
463238
327945
313155
407995
327250
56224
204526
96361
352183
166183
239090
312082
129730
477061
429507
261399
432537
313375
259117
41185
389190
213471
299888
7202
474686
359415
114396
219244
421112
307856
245869
294790
485474
270790
472058
434567
336504
261534
13486
372282
348880
80303
457542
272019
162887
291553
162702
446533
7936
469840
387737
176672
146059
444740
487036
162006
498167
275594
70827
329238
3691
101566
4945
373031
149387
436458
314032
252297
480639
445456
475415
380646
418980
129186
86816
201712
218342
280776
259828
166792
223755
35982
364888
47085
387779
485361
78
158613
63291
52033
215256
460680
199212
240641
272650
299571
213553
160364
395605
492855
303224
420578
195212
421538
339500
480635
496389
268208
19139
474315
463125
143400
374896
411255
23189
351967
257813
64943
87543
176451
33215
110797
70944
61650
497365
395707
417762
390092
162825
139127
456184
488792
315017
327080
271918
169014
318161
357749
262526
89449
480168
85477
301344
101668
114391
10471
383463
408269
107832
55497
4669
300377
366455
341650
269036
27996
291651
9751
169134
272421
161170
154823
411464
185119
356124
56935
197775
475322
330589
486734
6483
470056
410716
41806
245995
180429
34632
485760
493379
101694
80340
241748
54489
288600
32643
302103
344415
209824
498863
218924
297618
474584
496156
244662
379993
66803
69946
437435
417236
375373
176454
260528
112495
470416
139196
287277
288920
332692
373552
398877
396214
4917
170675
250226
366620
352896
97090
221647
360584
188086
159821
105539
99999
37104
69890
366364
434902
485447
51519
133477
164186
21039
67092
421957
410391
313507
96830
186245
238901
433443
140810
365748
24954
445259
313146
448631
378614
339509
135972
200768
262569
157469
89760
351775
450691
142188
320381
304872
304726
368755
391748
17665
11322
16792
150850
357970
205381
445908
399088
356127
409045
454664
465490
360113
339124
409047
235233
478368
43341
435287
343472
468495
208206
340516
366962
79400
394815
135263
486541
467557
161639
140846
156558
67362
250817
250661
36507
20560
88628
380199
85890
133640
226795
367435
57693
329856
67792
379955
127232
293071
77931
323745
261468
410444
176648
386509
437576
262194
141948
356373
138878
316196
87387
61631
69002
221734
481589
428231
63520
34151
182624
201989
84025
286695
1857
269607
301356
127649
65050
246738
190153
52950
306442
372138
88381
404656
117862
279522
57408
293282
201512
301175
142884
166571
299953
123423
498158
382382
223426
21363
292839
373090
368544
268077
368150
444386
361131
306114
435683
463282
381851
454803
151434
260644
70136
285689
20218
23954
471666
46289
410535
252817
180258
485938
242661
214344
174664
126252
352698
132895
474875
604
458582
221643
174520
489964
271137
354313
457631
93243
120275
97824
479994
399485
61968
181534
60407
173911
345538
373801
440934
470110
494366
52093
40028
266923
68836
79459
109599
359083
135210
121041
367198
67680
163331
402449
372136
12474
192133
38133
21236
336559
228386
380457
310418
433267
108583
376180
482908
18743
202897
127090
296326
123154
193991
132860
20079
490706
254665
381931
45635
222910
76289
467251
163178
488962
207705
156829
483351
41407
111618
236780
323450
97487
139085
201240
391301
344851
151088
165469
152877
57703
267054
151300
197931
137637
191186
200517
368995
139970
391022
265301
378472
170866
44496
181818
269056
456873
126718
456526
161490
175885
103823
468204
481195
294312
184618
466863
351063
397748
155048
473010
279055
72789
188840
317053
342998
435233
333100
155199
61294
283557
115977
264101
24355
268026
372277
37851
393813
339926
340468
120059
108309
382186
487795
189742
316105
301562
164225
12189
123494
283127
308938
267078
23166
330473
443399
404100
419024
290875
496230
24756
20914
153434
277564
5242
208081
82344
425877
461462
463227
125007
82305
448804
239949
364277
282021
215708
315887
463274
9393
109023
10781
249289
411105
342332
223978
28231
59032
487978
143321
367845
126256
160108
60369
48339
252976
294537
203836
350716
392580
286301
397481
292813
34758
17685
171169
239701
192322
5513
425374
458285
184449
291185
433087
333162
36243
88681
16939
240561
64825
168557
105142
17738
255721
67891
142592
331272
83487
373543
260614
162198
72902
107869
328127
474796
357636
425324
468519
443768
461598
306142
40278
297228
209560
376823
67
64693
198139
338947
66259
187916
5972
472533
79406
434060
396446
354043
282858
117877
170476
6971
28139
124835
187538
194687
113856
127787
41492
114456
175649
221021
30798
314525
335123
488961
190010
74886
32777
349522
350112
226282
22548
319206
19210
242187
121499
319213
378170
3146
192689
369151
22073
178766
240622
335343
42380
27960
179660
417897
227334
430968
100254
485564
100967
103940
410684
499547
262244
424982
449827
446165
286348
151619
163700
11516
159325
325943
471999
481919
35013
121155
342338
348849
235011
388679
114419
448067
183579
180554
402424
178302
431778
163676
203309
402461
139088
240951
28100
61080
383858
325142
482530
470916
278139
285427
182954
425267
192125
22944
322100
148153
147911
448210
228858
101131
189313
486575
305422
84082
456210
69252
2302
210590
267681
75937
180248
469375
332930
463640
122297
129046
329277
252708
183043
346975
445603
181324
207342
54405
309839
53915
325096
68576
178600
206272
88175
360375
129767
342425
281922
384937
228632
45837
455574
430325
181565
219388
493546
179734
478145
333412
469150
6126
365416
229166
378686
195451
461194
118248
215800
454016
155988
460153
44885
232033
151735
126285
114229
291597
407988
208670
161529
353004
109094
178429
349253
6975
364119
283952
224540
41640
478878
371731
301371
379692
383310
57720
4995
2313
2634
194372
401342
214755
110436
480730
229030
197635
359758
304537
49379
450124
312593
220137
370049
345748
358823
187738
363599
370513
275306
351330
210632
188111
248002
28015
82387
356192
151455
327556
428837
217058
126743
210334
344129
50452
369714
414344
300000
381994
321319
58314
45700
355807
408363
191342
279551
209728
438794
132283
261333
4915
313384
232802
314751
482923
114306
433822
220987
155399
449715
487758
179034
75499
24017
8135
492292
266347
121271
365627
76901
136594
39538
338753
117234
54167
329728
117998
262625
101563
10108
51404
271639
294796
406648
159648
285511
200389
287124
289775
180419
72855
402062
437191
260963
113984
96175
366186
344734
341587
193317
369509
228272
46190
217422
2568
58513
23354
215279
256956
315133
358926
76928
14084
234373
341229
122990
421276
234472
171383
267957
478281
357725
395099
262597
344489
410887
398532
210633
140689
328404
487430
349402
308172
498341
162406
438559
120486
155152
357940
128053
181479
484322
498166
44602
398213
396146
409573
112072
289252
432254
139045
408071
470566
104178
320431
17134
311929
73072
65803
370283
270047
484811
108235
168376
140445
158217
20184
343366
464493
46040
392514
68008
371102
180879
367943
107998
350653
357557
63733
327519
140162
457680
221989
430923
37476
301944
486670
355157
258969
269729
51861
253058
164043
288048
376737
438834
28499
113810
388267
176116
327487
330916
183596
63395
381023
235076
70351
125756
401725
198216
35663
77525
400142
171419
126292
397942
140895
132067
253170
306662
217003
56431
421645
212849
55217
449119
279622
157824
165674
308505
342986
309284
157985
177630
445469
255588
365746
436122
325878
426780
164532
380421
19915
214214
245705
413069
286276
271711
125077
222449
248235
201485
105214
65681
133803
122251
129018
151026
334503
408019
438061
448581
107715
438899
469445
496250
265455
279319
98167
52999
199362
492549
223800
185322
309713
91844
78389
15222
256129
254170
259486
406819
149171
366899
158008
481979
241833
38096
327289
465873
126692
115275
158582
47078
174652
322174
148631
83740
387433
93348
152076
193139
344749
293813
186566
22493
361918
412043
270605
391324
424441
167636
262950
107566
438146
262851
97722
470821
19062
71084
82355
370386
81518
416739
367256
303079
363470
116314
469418
173983
29523
172133
423430
220258
429577
237435
406972
358837
95161
325562
494645
435292
432896
79157
184641
306481
453575
413423
89426
395907
461920
18851
355236
104466
64588
272216
421699
353502
143520
140995
102111
87740
121302
207061
482464
437919
180505
191474
360015
326838
392198
150587
24786
186212
461475
368201
287624
366069
317183
408243
407051
481919
190178
495577
79501
472594
342744
426800
66956
290419
137006
403976
146134
239816
367689
489931
310559
407461
154328
206675
452002
285228
462441
37843
172983
271208
283609
147029
61648
357129
12265
480644
213131
32127
337157
128191
144405
39645
80033
116331
204733
213713
192343
254684
266123
177685
106317
170432
50634
163119
425247
134303
200852
311334
103833
472717
405191
137231
463987
211031
454996
145083
363928
455348
115269
266049
363710
94924
127480
428631
146893
53157
304262
340500
399596
24653
238327
29403
485894
306458
85911
11509
224439
166556
457036
471694
177541
244775
299666
364288
458037
376663
397369
144749
344351
266971
133440
257013
105071
363127
268509
317697
377607
479522
77049
271716
6286
98872
165563
43662
344937
37562
197926
450573
136646
26855
186335
91175
373811
153240
426020
450654
489622
162874
252405
330094
233296
259257
322452
119866
419705
384586
220799
295211
398661
9156
62748
75656
254546
298021
352056
322197
165755
399520
434614
317723
180687
215768
236943
394699
412797
342544
49778
467289
426544
66982
452379
496829
89977
496135
84571
245023
468152
270560
218847
347493
341543
100425
250866
410878
432271
398177
110519
164623
68862
13340
431619
158430
145453
298923
328919
256204
91504
347362
366137
355755
393134
58508
404413
291607
448729
107197
315667
433755
153378
405627
20572
234069
453016
47906
318942
26486
155060
12419
471457
127516
107616
410368
319571
84281
60478
237860
160766
108507
235823
397078
409423
97697
383869
418328
420870
205354
223132
461978
78490
235146
94617
341019
312526
252412
364768
357760
63726
417263
83649
355441
79878
199295
449979
310960
278863
145603
440194
8109
39747
48530
341403
486879
422485
160254
437924
295278
263504
329796
398073
161012
184791
60843
282040
439426
426983
215184
428705
282291
370659
16133
156511
237497
375006
337359
194345
123513
392322
440353
385258
183750
318988
31782
103927
361162
352221
153255
152359
161156
31594
398328
34179
136958
202611
458095
70612
114992
136561
424263
278462
412573
498165
96171
329664
36091
329370
72290
315622
417310
383235
41335
290752
202438
306894
214527
155870
465535
164197
147551
445824
452424
4691
125657
12985
395044
188742
419334
472711
42942
397766
154956
283885
170419
405195
398323
264194
88636
488702
85199
395289
177934
128090
444147
263288
300741
59454
16343
420566
248961
148324
76372
462996
247263
126913
481328
275992
220162
335189
94356
235071
48650
258036
50631
282923
395728
187360
8128
161085
352975
86622
403661
65255
207584
87944
409794
354592
303989
137669
332020
144842
452698
221418
47154
455735
127823
420122
138286
399560
232065
476421
312360
152448
186816
217213
153532
20418
309738
297116
56053
45258
61165
338866
77027
454263
405008
298346
408378
202494
31290
269174
477734
260932
434867
9315
5892
303186
296613
195348
407897
8517
32281
455290
435959
497861
168221
35817
141010
73063
222071
75479
131358
440110
405749
314132
255659
125257
378724
336176
484384
155610
178506
467386
180652
2761
29182
385150
400834
222791
65987
68569
380228
413966
172612
237007
363674
97110
119723
152558
259420
381743
91301
4540
327516
477648
29909
119325
161968
227418
452025
321794
85648
371587
200849
119542
125807
331444
147001
334195
41833
266399
277685
351864
34739
459199
481138
472453
286608
208586
121011
42445
77669
355964
340413
52840
29423
94341
176568
52898
406738
275452
485373
257014
281296
134268
439289
173426
322215
452252
351831
153398
158942
312532
41293
456871
328177
318130
303564
275795
331296
85141
202009
78896
219520
373696
437676
483196
104613
324830
399532
95890
454465
451419
315630
29372
10069
22410
287959
76059
439154
162
190384
24402
15351
450916
112646
190469
426414
371861
354993
148345
289301
447711
78761
53807
286324
242274
480220
67414
345193
161207
54194
340682
131491
273207
25988
40655
319745
402116
240878
324854
352195
52372
497162
472486
160691
205888
91911
15339
320789
147385
19593
4901
81343
237729
204042
314902
233064
166089
238235
155135
364820
310310
9257
252042
396679
92043
420293
125908
415969
243033
437235
343472
10003
321286
438667
232374
450
271908
108426
85415
177036
130668
42586
43201
8911
131223
374798
57283
7733
472100
234766
365428
51611
79384
302228
46608
214449
173559
52729
343435
283095
68273
90307
261575
390134
120573
422703
196191
447934
109961
163178
172962
446673
89316
291089
26479
965
130314
306480
482021
392061
158739
394787
97456
182043
159889
498448
57461
14335
337899
260757
211594
204690
206757
363249
408581
38208
413174
202951
26625
240259
32770
493268
205760
181802
41366
204684
286663
355358
71028
332777
194352
234183
75305
252451
179462
443870
298177
258909
49399
130578
133235
390681
22834
132873
452597
349691
402990
46778
393378
290314
495173
253734
130312
469436
481477
363941
294860
325680
46208
437117
33342
305027
279448
427757
340341
371428
371113
138316
129056
353943
436422
336490
208599
442971
165259
182595
339840
454149
479227
27423
131994
460677
28911
355546
489319
160609
153213
19082
181585
31558
421189
26609
32858
42535
327542
422182
292741
340679
345455
218940
281484
460642
56753
385602
28672
114387
362781
63567
458820
317418
19988
442693
36985
184496
56277
481095
184139
484093
73786
490743
84505
175706
130857
339636
313852
224316
128328
390612
399535
324405
436469
277704
25057
54521
128519
411999
365521
211632
58973
237787
388590
18740
298738
113943
124307
265548
192766
461113
176626
186288
240430
405010
177504
302285
450676
299758
202140
358559
242052
249537
409143
260518
58568
428466
150341
369194
128366
141051
14768
122339
391783
323640
47613
446229
209197
126755
326774
33357
466358
175397
4051
190955
86789
329438
399853
164693
240865
489255
425802
442334
220642
183356
426349
327195
126742
469852
475616
463048
376481
488181
35889
296749
327154
437887
179223
103917
39227
492909
464600
185871
109349
458080
367600
343008
274379
267078
239164
13632
272963
271774
216764
23449
166212
241197
312137
349626
7170
84059
315843
165564
406026
396523
42257
372150
193585
365093
271796
15194
457682
66662
250822
191742
255162
470811
57171
79941
242102
353908
301246
140403
296346
149873
359718
14844
488114
394521
444156
45058
414607
265489
199320
91358
377768
1105
411183
91515
60694
266569
31778
357426
393277
251876
403549
6551
299266
370254
151260
294501
145834
419469
257538
332665
186239
193247
81047
250540
130419
298152
312831
469486
55933
84425
123522
99296
298685
381496
248584
3341
259175
63495
498904
302579
97721
191415
190893
251599
12331
65666
328444
39073
217130
58159
378153
225656
42989
492341
49072
178616
89517
407201
366061
19053
239651
399258
229509
60314
173059
383238
115343
176200
39036
495768
81719
197379
333646
258245
412456
305586
5633
23385
93050
40236
286544
283309
342755
260668
426297
485299
59296
432418
152828
64173
486293
483747
244483
324779
177090
394915
265915
451911
331003
284102
471564
136176
51665
433917
326678
51849
127246
38925
291122
494017
70756
310025
317054
464309
80139
239428
479831
366885
373404
240087
435893
128363
89231
204604
486677
489594
283699
302108
215056
213545
371165
280242
307832
141701
248610
72844
82856
349211
261590
64820
99188
411046
413264
141483
354476
199104
395461
62531
63099
209632
273044
110149
246764
291986
204905
251208
93534
44969
34163
36615
453073
45489
415854
124068
328650
10593
12838
458865
88885
258544
360595
493454
483117
72324
268134
93804
430999
46907
491235
43177
402125
64624
477354
200054
303224
154327
76361
481233
159717
27977
338796
427076
168208
408059
276156
42732
338691
430935
395676
412091
176181
77655
176142
293236
382897
406906
159990
263993
446373
360857
242889
388213
92531
333885
298679
481645
272247
1784
57857
234446
195599
472594
368246
97129
146322
129046
41921
290388
405705
186608
259667
471678
365249
14529
18846
450389
197614
296100
137645
459058
96859
346653
23060
297213
360281
264089
19754
104231
411726
197539
40195
386503
252637
208861
21753
199290
405417
105927
320815
472548
81852
290325
323098
260165
136826
121448
206974
438665
219194
48101
362668
182521
186860
21563
295287
418920
462382
177285
165233
420092
40427
307512
421875
32142
217335
101091
155182
249011
488005
268245
281112
11003
435970
243826
50306
405949
318268
478057
171042
58283
219299
495116
397374
314991
403706
480264
223609
393601
375563
25703
348316
94775
74472
87023
1476
285538
163768
281346
314841
202998
76011
101989
236718
485597
111813
146434
493057
6275
29596
477675
137003
222069
134979
394150
17549
487267
440685
201825
429826
289611
366674
431878
96891
258078
396183
105987
200191
260072
144421
321869
85808
223859
129000
36850
222879
4755
231275
60062
71820
381730
150265
161801
234987
284261
165050
252512
276768
460660
378339
472697
474384
271372
12017
154608
48849
389188
26767
14548
303682
247014
499991
72192
465267
222745
421702
73624
106019
216078
68802
450164
320188
441186
314422
23173
313773
165726
308733
131388
285073
311284
473744
400912
247977
351956
407866
176404
5723
321455
160643
456178
124978
273591
46896
327803
340883
256289
127195
456783
65929
398447
142527
320508
316970
27928
465917
358578
404034
305191
81282
353921
437968
427437
96207
151707
453895
70675
308400
467118
134022
476681
475937
332792
173766
410817
113796
283199
122566
156609
1706
121865
151902
370709
17103
376885
16560
229951
94412
328657
170669
174299
126990
423692
197808
339004
342163
47700
263700
174496
403264
204486
368047
19493
449515
460633
122637
420479
319020
193552
101969
426011
462543
107031
468797
272115
433033
294087
346999
344653
4734
329726
12949
167814
357862
150333
193006
435332
450878
114928
403930
334746
18679
443612
191892
384397
441251
116599
415433
194363
401640
417899
206402
34020
332156
29479
321394
162046
221503
217763
93106
358791
149178
108617
302419
331860
370729
396819
135894
345222
338054
400048
43681
181135
85003
467788
471542
335967
36569
435431
259075
470162
318111
292579
237786
209684
295078
309826
112216
170302
110286
391820
359618
7223
246744
280696
260611
177044
404457
91833
19513
446223
461882
221720
312815
261674
248710
88776
15315
388994
255096
112716
108221
438222
442595
167012
93910
150377
287707
257354
121704
14518
163793
183229
338580
366642
96523
440552
35690
479210
314564
487125
74474
160710
244752
141294
37800
99217
492524
436660
317971
127917
207405
132505
93511
123451
294974
168317
329956
396099
406212
353076
456019
64806
51346
242754
279379
256419
497881
376929
376467
487413
483200
15085
323848
34940
441194
454376
465994
393783
171889
338110
222751
257008
270228
100876
405559
498158
311634
57859
215240
490522
337474
325133
86105
164239
76582
10227
360665
303891
472869
449342
183498
422686
376964
128163
205983
337353
385381
296003
97013
236736
426461
154006
371515
238279
250096
109599
324481
250984
391838
238087
463869
408486
108337
381252
385724
338467
429923
460702
199108
297980
332365
413975
323396
72866
162332
289762
289071
37925
19810
412814
274090
93361
84946
295790
40477
377401
335898
136585
170413
117627
465702
32488
394728
217619
439115
148436
27302
181381
41737
16500
298040
355574
417526
359634
81672
273479
67807
402964
395213
319015
114818
255156
408112
385044
343702
206898
272242
209532
1069
86442
143261
402758
35076
277274
243133
18969
250569
452154
492969
152841
348871
316615
29464
173051
23873
219987
97480
467425
262473
39407
258955
95205
27772
50773
273161
340566
477834
480300
23948
93853
126752
264234
282318
269771
454226
122737
427508
303215
453037
307083
377840
314796
338592
321386
231069
266154
458240
493432
98564
21598
45278
303864
118721
193988
431732
229494
443394
222324
451673
327912
297524
118285
70090
382439
211533
391069
333051
278282
54918
217560
330798
83661
266568
191694
240073
414562
87197
140571
190772
180467
382704
269956
352396
356119
190582
91437
134995
277584
142768
138351
435303
280539
345511
165755
390317
201491
173203
154472
497920
487642
462340
39029
136363
366098
175831
12397
35365
415647
400459
37553
192803
399233
306683
268248
29216
280303
393680
181616
10945
98888
363509
231452
292458
423332
316576
348901
93011
35251
322315
497189
307804
249327
401511
76934
452092
66935
474312
154233
192811
317462
413443
457798
113215
40972
104570
163533
425926
42350
117644
256954
437493
403620
312623
482219
283564
100014
9066
343385
337946
285080
165488
197967
271468
185593
61433
490475
414502
315356
218234
33559
59422
360410
368
392084
426118
214465
152762
258635
428852
17168
209791
371321
484927
72619
175225
194560
348748
291545
116994
439635
74092
423705
476236
11176
472882
74238
164008
266335
289191
376917
186807
469642
481541
172901
215180
61932
323654
124753
383139
150613
177990
247921
38580
249964
477942
245216
493357
7400
456670
379654
498174
398871
377300
396988
452025
195118
472628
79496
9927
157079
1408
228132
479580
277417
286934
334600
294559
288570
342989
483046
363899
313018
55751
213723
164543
49957
479991
174781
258208
412316
46453
36095
36220
67951
131893
7093
205284
294287
302645
497549
286528
72113
199597
144903
221503
227460
231323
420638
182825
27050
63782
336107
73086
292438
425515
165605
461578
290296
138799
454295
130237
352082
76295
22990
326951
333615
454279
107070
24662
90710
276840
475337
366169
475374
148330
412052
347913
232178
172785
190464
494014
327611
219134
11036
17844
74470
256212
223262
124642
114703
325033
150313
312571
98780
353184
20603
234071
14399
161200
147902
452305
169957
223790
266742
490417
492882
63130
376952
438277
266950
201838
102418
409445
115425
414229
222106
408335
182018
402700
471705
236558
152585
248670
267083
200644
83100
426972
130405
349021
418029
175383
42216
407246
348912
109545
420583
382920
426586
145542
125352
303705
66789
207108
114960
298735
353372
212521
217612
466105
400428
48035
200086
347342
106656
172890
96575
264514
285649
194821
468748
21080
46673
194872
80560
156570
427646
6339
106310
310417
365969
294282
116587
332776
62077
392731
341418
491125
148856
435690
242553
263425
340393
81360
359102
258
497095
103423
496485
117111
319633
490989
302800
277325
282802
324950
181179
106784
326883
344125
388561
243855
297791
314975
243744
409442
112291
17807
430888
95262
88359
274677
92304
309865
294519
231020
387409
20103
95677
397315
119402
455240
329277
286789
367987
165774
475293
52863
207732
295427
127796
69202
332265
189878
419963
23800
488909
472205
197370
264042
402267
75117
70111
255512
144924
481256
141903
122826
467161
146196
308690
176358
111537
53937
292265
68143
86153
347203
406929
332245
415130
41498
315644
301523
419561
7813
361836
478570
43149
484072
236239
5868
298181
357416
413748
358327
284087
169871
91746
28286
42922
340628
448067
416705
417903
409396
183925
210054
359839
185959
481774
116549
385110
92208
96325
284386
38940
273331
236353
280913
65361
2005
415814
22438
100567
110819
267304
278900
449897
137302
52584
49316
228798
472155
339181
417636
358861
386299
214863
218216
220666
282642
398926
392701
154174
9700
180573
160899
128448
150682
447928
373171
440348
199840
174119
149440
290515
260807
146981
469038
60355
282238
400649
308534
181763
308098
187458
481052
81925
313688
206472
157881
329472
152399
179035
339789
436214
249345
230415
42135
362952
138765
66769
498362
105308
72542
13216
214844
252289
295350
482939
192912
53389
242437
86076
217550
153167
300968
225269
13114
21336
217631
4031
458055
462599
170291
493943
89144
332481
309968
146026
375034
257189
302568
251484
195664
416414
182421
242683
404582
336989
138989
141727
203755
200498
284215
425219
9483
25346
116569
94895
88270
94673
208350
494038
229445
456741
315923
76364
107014
205605
123631
498893
92621
349442
129438
296986
156387
341435
242049
477458
148595
345303
236641
397461
428204
303700
443880
495735
59037
226040
79588
180712
378158
59388
70867
209887
321307
204681
12551
467174
432080
411315
354661
216475
248495
19807
420583
109999
484067
290869
275664
401041
78653
163927
70284
434783
53464
282737
273400
321086
44948
193672
96280
254183
275032
55881
249906
406190
452921
37992
382361
483810
493545
436920
445505
6233
159333
23890
411882
433163
386667
193129
185552
267478
475581
499658
179600
466981
98235
168453
291707
173499
146628
246055
168565
207497
325502
411374
31834
116277
157661
118180
416479
473990
329319
211829
460662
448410
488987
313313
184172
336468
488077
237105
446558
198517
219663
453686
69300
435576
300134
189694
179982
12885
206025
237729
73755
201305
268329
148817
101955
231264
217224
22623
149631
169838
184896
233205
78590
20894
54941
38446
315790
142707
53943
33785
163435
187001
50441
270267
489420
179158
138627
180816
84373
419923
265274
180129
324096
400859
313656
347825
421167
248992
354912
447974
287871
396351
100260
96900
21032
229780
381659
67484
364676
273884
130505
180817
42143
497963
19449
180245
8496
446969
370771
304570
254947
399498
211296
187131
406611
208022
66159
45766
225151
148853
132253
201427
435100
337535
409391
278590
38503
29156
306492
431094
77446
282431
491472
241839
415533
60817
460559
127515
209507
144552
332624
104965
460078
324920
178099
96528
289310
451880
394295
90817
481106
414084
268212
280060
146670
2202
128624
411043
161942
48571
492595
82301
312945
99147
432330
453546
187905
40165
215992
433849
244596
377701
318440
476101
421430
357949
315849
166811
288482
141706
12374
476702
392737
421407
212678
23627
62527
370871
307301
343618
383796
368640
352695
59505
152010
149789
217435
39744
453134
425515
250032
261802
466585
290123
214700
4299
444309
387460
46945
491525
24191
460582
106291
33087
286034
16040
355664
401191
54292
188432
436366
486571
340264
371797
238324
431067
253485
135292
162912
343982
239719
234232
264737
208933
268195
12160
237433
134758
240199
198697
28353
324015
33358
284067
263527
87661
471302
104628
261262
390855
251710
410138
391048
381539
201919
175525
451841
408919
69304
61157
406842
48821
49243
44373
400168
41235
53836
95428
354676
171332
202512
212631
430999
492795
446486
52369
306074
201254
462106
254959
265969
163284
356597
325195
445305
327372
155074
237868
280880
403642
411258
391884
113866
238007
266251
12837
242548
59491
367392
496122
133177
307269
189775
464166
321969
79768
71518
443268
479429
202123
240370
207572
37619
439147
114012
496600
454774
132837
227579
65931
398338
427844
953
120394
122339
498595
256030
464740
450008
302085
98487
458992
178722
188739
453506
366056
443963
168377
127627
260074
310928
30937
185695
38031
16058
102987
184386
386385
111356
120191
79035
124211
25683
387436
297332
456849
394890
289773
479553
429979
279891
383798
374416
148717
315661
106928
17183
417046
316685
481293
109978
312377
363596
10425
172560
103712
236697
6146
394135
392777
40259
490505
424031
11730
316490
113240
324
474895
232458
397094
377996
267426
30139
199505
83985
308222
404906
80322
299074
330996
347512
130230
58175
192746
434721
61238
415085
421510
127908
14369
379214
61947
68166
399300
226169
232027
105166
15988
136904
280808
274874
279936
132152
266130
274895
91642
173215
389159
12071
224394
432645
122372
340102
127619
365485
334760
274549
241813
136977
109238
127716
467241
326536
40484
355058
195727
190561
144570
421035
387654
251155
301109
222135
363427
132734
340390
417797
139446
372213
367651
288194
443876
162721
221225
212003
37684
418265
229264
223370
489481
334767
466973
174656
432547
216800
14131
375491
250113
278836
26556
382746
432615
5678
68612
409029
259776
396175
396219
232302
332764
462927
213543
472110
144067
336553
282156
92687
57027
179796
439748
282302
122548
119834
471864
415857
214789
485934
447865
456798
80729
317385
160689
237651
138149
164120
229620
474245
67945
208835
319835
150665
29736
149140
378492
439433
151986
177121
100916
368610
422511
425618
152783
413365
265912
237751
368479
30984
49987
389311
412796
419296
188823
122324
306047
49205
375877
58680
267930
372751
481291
243342
16551
48969
465525
417236
172160
200240
423435
317411
114949
263869
341221
287556
392998
243378
39891
263848
463569
392921
214449
344921
104308
411043
200231
160225
418412
71109
202569
110968
117442
191811
316530
252462
272188
310722
214065
58104
489599
448349
162985
2468
123223
405137
11424
179498
281901
385316
140277
159374
130233
427826
499297
241532
266298
76180
317761
153664
54721
468705
254872
459384
73097
300221
256798
497012
7718
70510
288659
315779
62760
217206
497782
224102
122172
259078
193845
328553
375848
197491
217636
399060
118503
454175
81672
208186
259863
110433
491875
414343
497527
205599
19523
456663
158756
456843
160819
491354
312598
389286
159515
394010
199191
247202
9129
489464
376628
496110
3613
482247
40647
335368
283258
3508
70998
67988
148486
7679
118633
382027
215787
426059
285131
482745
168822
44276
384204
76898
232979
262555
314321
217224
373315
302824
11536
2400
297898
111072
278239
445576
387479
129248
313671
171475
337302
135539
376677
295757
404443
51250
365493
228317
256927
224269
125333
263749
389941
251737
233407
225296
279429
448398
261432
251141
43224
250844
1753
297647
102532
291695
274286
197053
257974
261940
373773
382406
95672
328031
109828
376228
177665
207695
239092
242582
130358
181577
436260
111986
400833
168134
80257
167414
129306
197493
186343
340450
126924
335280
164996
217924
106256
161471
93038
391567
58100
496329
425552
221420
478916
327477
234349
499567
365748
110619
90890
67328
432583
463613
196053
157470
393887
345657
62845
150536
481804
336033
324076
33516
418546
71860
398874
187583
341657
160377
203006
382601
111433
390542
142616
290753
30167
208386
328731
56049
66671
84385
426956
219072
60619
146095
138286
336121
111705
127845
176640
245816
486943
147532
294251
371648
357559
186546
61460
424094
133411
333637
475223
250954
324071
417492
84407
325153
99151
114357
141346
109081
210362
54880
388693
126416
255197
112746
224474
81035
367531
78791
437265
403866
149850
202263
160637
233124
321307
288591
265892
332526
465829
347050
186310
171444
141158
12838
202015
372010
2189
84789
358394
225393
16797
235365
61703
335086
120637
453435
162496
488350
492353
30738
84255
127826
260340
391446
159131
469705
403009
374506
443356
490219
4548
242005
374104
128745
127586
232381
258206
390550
130159
291303
19698
227081
184476
59308
24954
224760
457770
21764
81563
397567
117664
419363
315058
490582
294846
109713
360716
29189
450333
21254
335519
91968
877
364834
186330
449634
489739
79521
124124
319238
293536
466642
130284
213027
283383
267573
93016
271236
283934
113508
68758
257275
367589
163221
401224
79890
374770
193033
120880
241801
81284
86828
457192
443424
290971
373120
254316
87177
242930
345226
310624
369818
345420
7006
289533
183391
488511
222884
134794
343282
329896
270481
121585
269347
19730
428849
309282
85381
424417
329002
175315
144683
52249
272803
129655
326751
301724
201184
84389
221287
203345
66010
107990
218864
301842
38025
50835
328917
359017
431447
70399
117109
384496
74898
248991
113400
339924
379665
357927
280049
383288
124311
68336
60498
449416
198533
273089
444536
226128
176201
233139
453493
118965
337551
114597
292660
365346
347116
465168
162295
120953
48451
249009
31021
35502
225062
247110
194220
5328
348612
360494
123177
244651
237289
266750
234809
339715
217932
209392
61842
424979
479962
15470
83402
339968
40679
168608
449965
262485
180894
113640
382254
460214
455967
282927
213730
39825
119691
443403
71569
227459
342639
330803
276852
54825
456480
403111
228448
80865
379116
212845
88173
60100
227701
157862
141417
484411
226945
299674
188018
492971
347160
407745
31711
489908
449484
103346
365739
21088
470915
447468
260465
43922
324046
194921
343043
464688
6365
467314
176510
144761
248597
85761
242865
67986
350991
136568
52282
416968
106936
179618
70934
204175
74200
215712
165919
179999
271564
130494
28028
105372
206342
74052
417384
121885
411220
452345
5362
205043
39735
90372
306357
397208
228047
486601
478383
4653
340100
406446
376159
280325
418063
213022
400651
106335
93470
338962
389713
241783
99311
314353
390522
141833
46768
320232
141411
195874
117452
86521
417307
97971
311230
462446
305425
474081
76158
163312
423630
180962
36382
18446
145788
226741
496384
363736
326737
80608
412575
419023
171472
225068
176099
497763
148379
195567
355860
357859
277468
231728
437331
488480
389745
391080
233115
56388
330551
393336
365436
274119
499736
64851
80321
426373
355184
29057
338254
80863
298383
497007
155266
418727
68948
173181
60939
163648
107795
446237
24457
41107
130518
455847
333683
189200
97871
211888
441905
478010
10315
327513
474110
384428
136022
351890
389017
91934
187549
373409
432281
415044
29349
253327
387335
398898
143850
408460
331183
404501
237773
320588
452048
190587
400211
153036
154112
451712
253910
29146
474005
227969
374014
415460
361768
287520
62593
25874
228674
197792
475677
332702
310058
200885
218184
425416
38331
467272
287650
94991
36724
371314
98025
446206
21534
54347
208479
485348
434004
266187
429719
354666
459743
204950
174938
230329
349126
304992
493083
376927
70329
14406
479438
303280
94681
99676
34458
393096
194124
404329
195568
109686
354098
255504
68469
391695
98900
273143
163501
282470
348683
230679
478084
227303
66434
434376
379327
493858
406763
97125
433477
202235
339959
31857
354561
454208
357651
212148
283924
59343
16828
461290
187276
280851
168238
444464
439215
460532
200380
350063
486657
114796
306757
113116
283803
143082
101092
390902
151838
138527
87870
291467
122550
173962
108086
248049
212107
413786
11991
159100
64379
78231
191193
102600
468064
453068
431686
365547
284969
90883
376298
139643
320129
51650
180665
236243
218585
98199
44791
86501
14871
3365
223971
256455
260954
52194
21939
416940
202525
129522
85750
209723
160406
426641
355928
8137
194544
80516
45260
201151
49726
474756
495148
72548
112839
398793
31042
366410
353113
283719
80131
116692
288070
362273
334627
418092
86202
150100
268275
257707
215000
297837
356444
469593
75072
473826
253889
307013
270140
315435
169299
148671
27183
388581
133026
2166
147704
156047
471420
261508
39087
378174
461502
447781
305016
2993
484622
423550
406161
488502
25029
367028
366492
145322
75262
37885
484290
101273
146173
189278
197778
140712
379745
223693
164049
313918
239395
162610
146716
408639
28487
202196
224225
33754
207839
408335
84022
249692
221658
499054
146387
39292
403572
82816
492440
141884
270513
40862
134075
57791
385483
91152
245604
191405
301046
236926
487274
127430
86224
454400
404144
43996
34210
253483
177133
122702
139643
114238
429936
6540
471920
491947
296062
276011
268712
387518
73845
407754
377134
267725
371602
148156
129085
318406
375283
222514
472917
352252
327566
51594
433227
420641
360787
239264
209772
393259
497180
324147
304016
82318
394216
8792
11048
398038
262562
189350
492670
116891
380843
237101
119058
281905
228383
387812
15991
76242
37954
254552
100941
310013
370446
396323
413226
395509
331202
94483
418376
499655
126795
468889
428285
174787
28006
90868
424185
494481
479146
358998
213361
289401
404745
450117
376181
139779
396095
190898
149497
108391
132260
334927
341187
279018
98037
332903
430868
342563
72303
295084
263548
158868
53453
250974
83384
54619
45536
291776
289635
396463
49674
405857
476710
251831
445462
17779
45288
361411
114532
303139
149814
104056
350513
102173
488967
242869
402101
498961
457758
74439
306056
33322
394813
333827
65011
445334
245183
252797
238292
180932
191042
111912
422244
185075
410946
247742
426658
376601
338311
71205
305247
376017
200502
406456
450994
381944
33627
439112
142727
135629
191203
336419
11098
238395
447734
406123
446180
98362
340435
373192
280233
276009
446845
363497
166776
332978
174597
267425
322493
429294
259045
62980
316562
379850
364692
324033
142254
258818
104883
56753
497433
151929
90266
51329
349391
430783
466233
153092
187597
45143
5408
215784
205812
475117
434519
490722
104363
347007
306072
208228
367730
401808
165891
71545
324315
169071
72438
72059
360047
161475
496571
3356
178645
316002
285047
288151
15044
43712
421891
132602
7751
149704
442265
10602
274139
311320
139518
214953
382655
42732
238488
175563
54539
394427
322001
196615
448192
274289
395838
451296
99191
227867
287595
257728
376733
204839
306183
343528
434914
325613
256439
102135
374454
148634
170106
279824
291360
181860
447278
341785
139706
365368
398353
292992
102365
416250
423641
448426
396177
67489
464518
23415
143566
343175
118840
41756
310659
90964
391097
67529
4502
312517
469024
118513
160134
458786
493293
242669
258845
344454
98351
131434
101621
432125
3271
301303
274264
261737
264637
321132
465091
117875
140693
385299
153678
10110
416003
370752
220942
430727
130486
297082
147420
287508
404217
383805
85428
265482
370608
31051
314595
441943
319357
112529
473122
382603
432610
407184
409787
437403
97818
271409
64854
366309
110280
444334
412764
403830
294469
246924
476498
298804
262924
40333
179304
80276
144820
134152
149318
448971
210756
277759
258882
10836
16811
266568
447052
494816
430909
123178
245158
469022
274236
83413
336217
393868
154744
37474
247718
257547
440415
70722
286398
96282
114630
435133
101837
44783
256341
452806
252335
118968
489934
464154
53613
65896
442624
5838
221805
379949
475376
246176
222588
21357
187910
106909
1980
132721
197119
190647
223474
333099
437386
423654
199257
307995
187267
422337
353960
44129
466994
397436
466667
276977
327547
246448
400294
211917
492612
350169
382929
483277
33998
229548
472190
460552
466400
126558
478932
294074
99916
334171
471468
248606
135240
138732
25209
57651
16875
52812
415957
421428
120716
19079
342235
185074
348593
217544
217845
174914
169880
153389
123958
221851
250060
99589
211052
482933
428640
213225
406326
473437
140254
454923
58898
339573
128642
33375
276841
196359
429664
244631
416460
261938
243008
31226
45260
449210
66641
347536
443566
374276
237014
132611
330868
214733
472184
195509
301396
313331
128574
225071
252934
331546
353273
161918
205052
442077
469493
249128
421170
448754
452020
78594
219539
245709
174725
473670
81686
36082
471615
240119
451490
498253
175115
338847
221446
257882
457616
30776
288870
378664
460194
317917
159260
390138
204425
350764
73656
319199
488002
364673
405940
315396
322525
263445
303772
284565
8505
94624
312502
242161
296193
181609
43201
494686
366988
345348
290789
173340
336406
182712
272351
179952
215191
31313
92494
29737
217877
11950
46865
73463
385380
280130
471984
64497
185047
253228
369558
349692
473937
452917
391632
468347
365099
303977
346641
400652
350018
408995
61799
272520
115231
220278
228583
4246
418673
439738
155447
1258
145745
317707
482187
255313
113622
436664
435573
180667
179628
18921
97512
468841
125721
47527
36645
91134
146385
236788
171432
88053
152529
43592
189353
380424
409784
475054
177630
290313
49122
199856
445882
297702
281610
6182
50147
163277
251508
347236
438889
171490
46904
166432
349413
449163
156860
358515
250965
32530
82828
418639
477622
138519
318464
3365
412979
28280
333947
290655
289891
466614
18503
179983
200300
41237
95933
23477
350559
112727
423486
202480
184553
167815
91619
294425
201913
316454
128108
248983
17264
51554
164184
367123
76839
201680
147331
410410
216634
445504
313642
397230
428418
426714
446802
234941
353271
496953
68987
300730
227213
82753
232044
343463
484063
90224
48893
38341
256344
56100
244239
168199
10521
286021
485669
451517
406810
363172
498558
480820
47566
297061
152360
374639
214769
280423
289750
277501
159938
231992
199668
272376
265941
114255
316730
313775
422866
312701
270591
221422
412864
193922
66063
229725
135734
386009
45291
76061
74277
329268
296990
25537
19055
339255
268372
347452
190528
75673
17562
310130
74657
36850
422781
160595
86848
201991
449980
79878
294268
216774
206615
138686
328069
213666
347613
349264
243472
224677
157857
35883
132612
418986
41152
119259
419829
282526
139657
376008
83036
206377
370613
247660
431858
181845
471361
208193
480994
143734
262457
82059
114472
26890
488115
289513
151830
34990
353888
124864
156986
45064
33821
160099
22959
473884
421910
72098
484391
230500
465743
156242
294593
308451
25614
338725
26738
259198
333779
295846
127091
219240
256064
290905
27542
87022
95861
224404
151943
301708
137304
37546
261764
196539
450154
137424
37487
65134
15200
309013
131521
209670
210978
432469
436914
233951
244440
442240
475437
100669
97165
121488
344947
183542
464912
245142
150647
62702
196583
62300
442422
259876
477887
65100
442039
87534
494504
49237
123634
449378
234717
207462
4565
119385
191976
1890
272514
173503
102094
478008
2432
85579
231668
330291
466093
457959
34957
291706
65650
362674
388986
330837
343844
30326
437213
219988
131100
300524
147424
196883
451733
322254
124647
355430
412044
199880
20373
276624
317489
496523
447111
358250
13556
102259
209139
379582
496352
432037
275313
114181
340259
156209
143238
457139
403800
254762
119145
25536
469460
33101
59359
387049
300062
203197
363610
396977
129753
126909
176441
468155
381678
489052
455519
98521
425753
318706
365675
291941
403421
130914
369235
63566
51722
137322
94304
354216
481353
284283
233812
9753
58666
398922
470707
454953
85440
191889
10047
52545
407793
252124
99631
379814
449178
443567
40851
443879
267720
451784
389352
184195
15120
202724
250382
408100
90869
80564
284452
305921
444772
439420
446451
111229
261655
213667
353248
467746
226834
456993
397367
226668
225521
302449
317622
310485
336585
325796
363052
353648
305114
489146
94489
206721
422171
51472
121229
275201
427393
394348
399609
98625
132488
282040
169726
86593
475674
425487
498503
47925
125082
67343
271735
135081
343006
205815
220288
20388
213281
143662
318139
172492
48101
155842
403285
380001
441487
77723
36903
32411
493969
177595
255650
2567
312222
278065
260098
174716
69875
493226
83427
25733
41489
202585
266715
3140
133478
387033
216054
430942
196889
368633
79217
71030
63249
320402
283087
437344
6210
70975
278205
281228
102775
330156
116595
482036
455967
440727
95516
499967
100276
446166
164860
272304
361152
353912
300518
470449
43091
124805
451401
403389
244601
271795
384932
402886
208556
460540
158056
476089
388865
45444
464576
419034
179552
103689
130204
93338
321484
347210
366434
136964
478386
440391
296396
318144
427247
356158
429031
71868
392747
133257
122799
177177
478560
390102
499006
353441
263544
377427
343093
156190
125556
233893
94741
135093
230303
